1 10
100 200
201 210
900 1000
288 4453
3859 4640
3176 4505
1934 8564
268 631
561 3980
3501 3949
132 7030
4482 8653
2889 9964
1865 4721
1656 3897
1631 3617
2940 4091
2943 7773
916 2617
1890 6291
386 7285
6176 9112
288 2692
6086 6636
3059 3586
879 9692
2243 7852
2637 7363
391 2960
3519 5239
1884 7389
2395 3914
2950 3542
7377 8850
1336 2651
6936 9803
5154 9389
781 7019
1359 9965
6541 6848
1300 8973
3003 8430
4676 8356
258 6807
5892 5946
1537 6767
1426 8550
4380 9827
1383 3811
5836 7737
5346 7870
6045 9329
1544 5234
7088 8133
2683 9678
1519 6647
3234 7461
5026 9052
1179 8406
5684 8437
864 5603
2214 8894
4133 4725
4447 9031
5781 8557
1596 7138
3133 5290
2682 9610
7553 8748
1344 9648
906 6736
1602 8386
1359 9965
6541 6848
1300 8973
3003 8430
4676 8356
258 6807
5892 5946
1537 6767
1426 8550
4380 9827
1383 3811
5836 7737
5346 7870
6045 9329
1544 5234
7088 8133
2683 9678
1519 6647
3234 7461
5026 9052
1179 8406
5684 8437
864 5603
2214 8894
4133 4725
4447 9031
5781 8557
1596 7138
3133 5290
2682 9610
7553 8748
1344 9648
906 6736
1602 8386
7131 7839
3406 4746
4069 7001
456 6043
3510 9999
968 1789
2441 3013
7211 8900
1205 2466
855 6035
3605 9807
306 3159
2960 3110
3213 5728
1024 4630
4108 9796
5900 8830
1135 7860
1276 5328
6430 8175
3477 5744
1919 3003
3087 5800
4553 5181
422 9394
2355 3354
3723 4366
2047 2367
1521 5532
2752 9204
826 2481
659 2855
3350 5313
5346 8022
5097 6887
2785 8342
4126 6178
2066 3686
1692 9874
2777 8651
5306 7869
2678 5657
4392 4658
964 7223
2401 7082
5566 5873
2692 5713
2566 7518
2563 8451
6956 7569
8842 9681
485 1750
7857 8043
899 6721
1432 8105
2943 7307
480 8819
4474 7036
6065 9461
5192 9394
4204 7513
188 340
374 5336
457 5670
775 819
223 404
6955 8855
5528 7778
96 8186
2256 7308
634 6099
6981 8218
2605 9053
5637 8183
4438 5442
6038 8511
5536 9583
1 999999
